[variable_params]

[static_params]
; waveform parameters that will not change in MCMC
approximant = IMRPhenomD_NRTidal
f_lower = 18.0
f_ref = 20.0
mass1 = 1.4
mass2 = 1.4
spin1z = -0.030346867377508344
spin2z = 0.026674940661113002
tc = 1187008882.4281862
coa_phase = 0.3032839916272039
inclination = 2.6005028615240575
polarization = 4.778666370422494
ra = 4.25460328757
dec = -0.573656562718
distance = 40.7
lambda1 = 304.2
lambda2 = 304.2
taper = start
